itr	module_id	selected_gene	most_covered	least_covers	avg_covered	benefit	cost
1	0	TP53	0	4	1	4066	1.000000
2	0	TAF1	0	6	1	336	0.028397
3	1	TTN	0	9	2	3136	1.000000
4	2	PIK3CA	0	12	3	2037	1.000000
5	2	INSRR	0	15	3	321	0.018628
6	3	MUC16	0	15	3	1893	1.000000
7	2	PTEN	0	16	4	989	0.682886
8	4	CSMD3	0	17	4	1395	1.000000
9	1	NEB	0	17	4	551	0.471077
10	5	RYR2	0	17	4	1098	1.000000
11	5	RYR1	0	17	5	561	0.554507
12	6	MUC4	0	18	5	918	1.000000
13	6	ERBB2	0	18	5	301	0.097496
14	7	FLG	0	18	5	861	1.000000
15	8	USH2A	0	18	6	778	1.000000
16	9	SYNE1	0	18	6	701	1.000000
17	10	VHL	0	18	6	696	1.000000
18	11	EGFR	0	18	6	622	1.000000
19	11	PIK3R1	0	18	6	369	0.277566
20	11	KRAS	0	18	6	513	0.804861
21	12	APC	0	18	7	577	1.000000
22	12	JUP	0	18	7	88	0.090158
23	13	LRP1B	0	18	7	524	1.000000
24	14	DNAH5	0	18	7	493	1.000000
25	15	PBRM1	0	18	7	481	1.000000
26	16	HMCN1	0	18	7	462	1.000000
27	17	PKHD1L1	0	18	7	453	1.000000
28	18	MUC17	0	18	8	427	1.000000
29	19	ZFHX4	0	18	8	392	1.000000
30	20	HRNR	0	18	8	379	1.000000
31	21	CSMD1	0	18	8	363	1.000000
32	14	EIF3H	0	18	8	168	0.478165
33	22	FAT1	0	18	8	350	1.000000
34	23	ARID1A	0	18	8	333	1.000000
35	23	NRAS	0	18	8	108	0.077828
36	10	CDKN2A	0	18	8	303	0.927041
37	24	RYR3	0	18	8	312	1.000000
38	25	PLEC	0	18	9	307	1.000000
39	25	SPTA1	0	18	9	293	0.617643
40	10	MYC	0	18	9	213	0.744471
41	10	RB1	0	18	9	173	0.446971
42	26	GATA3	0	18	9	276	1.000000
43	27	EPPK1	0	18	9	268	1.000000
44	28	FRG1B	0	18	9	262	1.000000
45	26	APOB	0	18	9	250	0.969456
46	29	LRP2	0	18	9	241	1.000000
47	29	SLC9A3	0	18	9	74	0.264382
48	30	OBSCN	0	18	9	236	1.000000
49	31	FCGBP	0	18	9	225	1.000000
50	9	SUN5	0	18	9	51	0.228086
51	32	NF1	0	18	9	217	1.000000
52	33	FLT3	0	18	9	214	1.000000
53	34	DST	0	18	10	206	1.000000
54	35	UBR5	0	18	10	202	1.000000
55	36	PKHD1	0	18	10	199	1.000000
56	37	DNAH3	0	18	10	197	1.000000
57	38	SETD2	0	18	10	193	1.000000
58	38	POLR2H	0	18	10	60	0.253712
59	39	DMD	0	18	10	191	1.000000
60	35	KCNK1	0	18	10	51	0.273637
61	40	DNMT3A	0	18	10	186	1.000000
62	41	NPM1	0	18	10	186	1.000000
63	42	FAM135B	0	18	10	181	1.000000
64	43	FAT4	0	18	10	172	1.000000
65	43	CTNNB1	0	18	10	144	0.480644
66	44	MACF1	0	18	10	166	1.000000
67	44	SKIL	0	18	10	74	0.384854
68	45	GPR98	0	18	10	166	1.000000
69	46	NBPF1	0	18	10	162	1.000000
70	47	CDH1	0	18	10	160	1.000000
71	47	CYB561	0	18	10	46	0.242219
72	2	AKT1	0	18	10	82	0.532560
73	48	LAMA1	0	18	10	151	1.000000
74	0	CCND1	0	18	10	114	0.774476
75	49	FAT2	0	18	11	146	1.000000
76	11	FGFR1	0	18	11	90	0.636197
77	40	DNMT1	0	18	11	76	0.537885
78	50	DNAH11	0	18	11	139	1.000000
79	15	TOX2	0	18	11	50	0.367200
80	51	CUBN	0	18	11	135	1.000000
81	52	RELN	0	18	11	133	1.000000
82	53	SPEN	0	18	11	133	1.000000
83	49	LAMA5	0	18	11	91	0.695852
84	54	FBN2	0	18	11	128	1.000000
85	54	FBN1	0	18	11	66	0.520454
86	32	TBL1XR1	0	18	11	72	0.575070
87	55	DNAH9	0	18	11	122	1.000000
88	56	BAP1	0	18	11	119	1.000000
89	13	PLAT	0	18	11	63	0.539502
90	57	COL6A3	0	18	11	114	1.000000
91	57	PPP2R1A	0	18	11	77	0.613768
92	53	DIDO1	0	18	11	72	0.637073
93	58	RUNX1	0	18	11	111	1.000000
94	58	MYH11	0	18	11	83	0.667009
95	19	CSH2	0	18	11	47	0.430907
96	59	MTOR	0	18	11	108	1.000000
97	59	EIF4EBP1	0	18	11	53	0.083430
98	60	IDH1	0	18	11	105	1.000000
99	60	IDH2	0	18	11	70	0.146117
100	61	NCOA3	0	18	11	104	1.000000
101	61	CREBBP	0	18	11	86	0.534448
102	48	HSPG2	0	18	11	75	0.723416
103	62	FMN2	0	18	11	101	1.000000
104	62	DEPTOR	0	18	11	48	0.400691
105	33	PDGFRA	0	18	11	71	0.703240
106	63	MXRA5	0	18	11	100	1.000000
107	64	LYST	0	18	11	99	1.000000
108	64	MED12	0	18	11	84	0.708985
109	65	HERC2	0	18	12	97	1.000000
110	66	ABCA13	0	18	12	93	1.000000
111	67	CHD4	0	18	12	92	1.000000
112	67	SMARCA4	0	18	12	77	0.704777
113	68	DNAH2	0	18	12	88	1.000000
114	51	MUC2	0	18	12	80	0.913221
115	69	CSMD2	0	18	12	87	1.000000
116	70	PDE4DIP	0	18	12	86	1.000000
117	71	CNTNAP2	0	18	12	86	1.000000
118	72	TG	0	18	12	84	1.000000
119	30	ANK1	0	18	12	76	0.917605
120	73	SYNE2	0	18	12	82	1.000000
121	74	TSHZ3	0	18	12	81	1.000000
122	75	DNAH10	0	18	12	80	1.000000
123	76	CTCF	0	18	12	77	1.000000
124	76	KAT6B	0	18	12	44	0.451521
125	77	TET2	0	18	12	77	1.000000
126	78	RNF213	0	18	12	76	1.000000
127	79	SDK1	0	18	12	75	1.000000
128	80	SPTB	0	18	12	75	1.000000
129	81	MAP2K4	0	18	12	74	1.000000
130	82	KDM5C	0	18	12	72	1.000000
131	83	PPFIA1	0	18	12	70	1.000000
132	84	UBR4	0	18	12	69	1.000000
133	85	PTPRT	0	18	12	69	1.000000
134	55	AKAP9	0	18	12	67	0.998029
135	86	DOCK2	0	18	12	67	1.000000
136	87	DNAH8	0	18	12	66	1.000000
137	58	CBFB	0	18	12	41	0.622764
138	88	PTCH1	0	18	12	65	1.000000
139	89	DPP10	0	18	12	64	1.000000
140	90	MYO7A	0	18	12	63	1.000000
141	90	MYO15A	0	18	12	40	0.537934
142	91	PTPRB	0	18	12	62	1.000000
143	92	TSHZ2	0	18	12	62	1.000000
144	93	PCDH15	0	18	12	60	1.000000
145	94	NAV3	0	18	12	60	1.000000
146	95	NCOR1	0	18	12	58	1.000000
147	72	SVEP1	0	18	12	49	0.852715
148	41	ARSD	0	18	12	31	0.543058
149	96	CACNA1E	0	18	12	56	1.000000
150	97	WT1	0	18	12	56	1.000000
151	97	ATRX	0	18	12	43	0.633430
152	98	CEBPA	0	18	12	56	1.000000
153	98	EP300	0	18	12	30	0.106033
154	94	ATN1	0	18	12	54	0.974385
155	99	ABCC9	0	18	12	55	1.000000
156	100	LRBA	0	18	12	55	1.000000
157	75	DYNC1H1	0	18	13	50	0.913792
158	101	SI	0	18	13	54	1.000000
159	101	PRKACA	0	18	13	20	0.114892
160	102	GRM8	0	18	13	54	1.000000
161	102	GRM6	0	18	13	39	0.539723
162	103	L1CAM	0	18	13	52	1.000000
163	103	HCFC1	0	18	13	38	0.664052
164	34	NOTCH1	0	18	13	49	0.954197
165	73	ZFHX3	0	18	13	48	0.940943
166	104	NALCN	0	18	13	51	1.000000
167	88	GLI3	0	18	13	33	0.650201
168	39	HECW1	0	18	13	43	0.876216
169	105	DSCAM	0	18	13	49	1.000000
170	105	DSCAML1	0	18	13	40	0.554526
171	106	RP1L1	0	18	13	48	1.000000
172	107	KIF2B	0	18	13	48	1.000000
173	108	USP36	0	18	13	47	1.000000
174	109	FAM47C	0	18	13	46	1.000000
175	110	PRKDC	0	18	13	45	1.000000
176	111	VPS13D	0	18	13	45	1.000000
177	112	PKD1L2	0	18	13	44	1.000000
178	113	ASXL1	0	18	13	44	1.000000
179	114	KIT	0	18	13	43	1.000000
180	114	GRB7	0	18	13	37	0.380796
181	115	DLC1	0	18	13	42	1.000000
182	116	PCDHB5	0	18	13	42	1.000000
183	117	NIPBL	0	18	13	41	1.000000
184	117	SMC1A	0	18	13	37	0.650203
185	118	CACNA1D	0	18	13	41	1.000000
186	117	RAD21	0	18	13	23	0.568426
187	119	PRUNE2	0	18	13	40	1.000000
188	120	CACNA1G	0	18	13	40	1.000000
189	121	BRCA2	0	18	13	39	1.000000
190	121	BRCA1	0	18	13	25	0.627355
191	122	COL5A3	0	18	13	39	1.000000
192	83	MYCBP2	0	18	13	36	0.923782
193	123	MAP1B	0	18	13	38	1.000000
194	124	FNIP1	0	18	13	37	1.000000
195	11	PTPN11	0	18	13	29	0.796423
196	117	SMC3	0	18	13	27	0.747016
197	125	COL12A1	0	18	13	36	1.000000
198	125	VCAN	0	18	13	35	0.944976
199	126	SRRM2	0	18	13	36	1.000000
200	126	YWHAB	0	18	13	9	0.209998
201	127	PCDH19	0	18	13	36	1.000000
202	128	COL7A1	0	18	13	35	1.000000
203	129	SHANK2	0	18	13	35	1.000000
204	130	ITGAX	0	18	13	35	1.000000
205	130	ITGB2	0	18	13	17	0.446400
206	131	MED23	0	18	13	35	1.000000
207	131	MYNN	0	18	13	16	0.370309
208	132	SCN2A	0	18	13	34	1.000000
209	133	SF3B1	0	18	13	34	1.000000
210	133	SRSF2	0	18	13	8	0.129921
211	134	CRIPAK	0	18	13	34	1.000000
212	135	LCT	0	18	13	33	1.000000
213	136	ADAM2	0	18	13	33	1.000000
214	137	LAMC1	0	18	13	33	1.000000
215	34	NOTCH2	0	18	13	28	0.872819
216	138	PRDM9	0	18	13	32	1.000000
217	139	FGF19	0	18	13	32	1.000000
218	140	PLXNA3	0	18	13	32	1.000000
219	141	GRIN2A	0	18	13	31	1.000000
220	142	FAM5C	0	18	13	31	1.000000
221	143	TBX3	0	18	13	31	1.000000
222	143	TBX2	0	18	13	11	0.067567
223	125	LRRC15	0	18	13	18	0.582497
224	139	FGF4	0	18	13	24	0.776808
225	144	ANK2	0	18	13	30	1.000000
226	145	CNTNAP5	0	18	13	30	1.000000
227	146	PPP1R3A	0	18	13	30	1.000000
228	144	UNC5A	0	18	13	17	0.580145
229	147	LAMA3	0	18	13	29	1.000000
230	148	ARHGAP35	0	18	13	29	1.000000
231	149	COL11A2	0	18	13	29	1.000000
232	150	RPL5	0	18	13	29	1.000000
233	150	RPLP0	0	18	13	9	0.202594
234	86	DOCK8	0	18	13	28	0.999375
235	151	RP1	0	18	13	28	1.000000
236	152	USP9X	0	18	13	28	1.000000
237	153	LPA	0	18	13	28	1.000000
238	154	DDX11	0	18	13	28	1.000000
239	154	RBBP6	0	18	13	21	0.702260
240	155	TRRAP	0	18	13	27	1.000000
241	155	YEATS4	0	18	13	11	0.357029
242	156	CMYA5	0	18	13	27	1.000000
243	157	ZNF462	0	18	13	27	1.000000
244	158	SLC38A10	0	18	13	27	1.000000
245	159	MYO16	0	18	13	26	1.000000
246	160	MGA	0	18	13	26	1.000000
247	161	PEAR1	0	18	13	26	1.000000
248	71	CSPG4	0	18	13	24	0.923481
249	87	DNHD1	0	18	13	25	0.973938
250	73	GIGYF2	0	18	13	25	0.988510
251	162	CDKN2B	0	18	13	25	1.000000
252	122	COL1A2	0	18	13	18	0.724871
253	141	GRIA4	0	18	13	15	0.616087
254	123	U2AF1	0	18	13	23	0.951363
255	163	LRP1	0	18	14	24	1.000000
256	163	LILRB2	0	18	14	20	0.646812
257	164	ANK3	0	18	14	24	1.000000
258	165	AKAP13	0	18	14	24	1.000000
259	166	PCSK5	0	18	14	24	1.000000
260	38	POLR2B	0	18	14	22	0.945037
261	167	PTPRZ1	0	18	14	23	1.000000
262	168	KCNK9	0	18	14	23	1.000000
263	168	UNC93A	0	18	14	7	0.026888
264	169	SETBP1	0	18	14	23	1.000000
265	170	AIM1	0	18	14	23	1.000000
266	171	SUPT6H	0	18	14	23	1.000000
267	171	SUPT5H	0	18	14	12	0.309002
268	172	IGFN1	0	18	14	23	1.000000
269	173	MLLT4	0	18	14	23	1.000000
270	5	ITPR1	0	18	14	20	0.899184
271	68	DYNC2H1	0	18	14	21	0.945085
272	174	WDFY3	0	18	14	22	1.000000
273	175	DCHS1	0	18	14	22	1.000000
274	175	GPR124	0	18	14	13	0.567900
275	176	FAM179B	0	18	14	22	1.000000
276	177	F2	0	18	14	22	1.000000
277	177	F5	0	18	14	18	0.478049
278	164	PRRC2C	0	18	14	21	0.986874
279	178	CNTNAP4	0	18	14	21	1.000000
280	179	KCNN3	0	18	14	21	1.000000
281	180	DSPP	0	18	14	21	1.000000
282	181	BMPER	0	18	14	21	1.000000
283	139	CBL	0	18	14	10	0.485506
284	173	MYO5B	0	18	14	18	0.895194
285	162	ANKRD27	0	18	14	12	0.597290
286	182	PCNT	0	18	14	20	1.000000
287	183	ATAD5	0	18	14	20	1.000000
288	180	ORMDL3	0	18	14	8	0.411685
289	184	GPR112	0	18	14	19	1.000000
290	185	SACS	0	18	14	19	1.000000
291	186	NBEA	0	18	14	19	1.000000
292	187	KDM6A	0	18	14	19	1.000000
293	188	KCNJ12	0	18	14	19	1.000000
294	189	COL4A6	0	18	14	19	1.000000
295	190	ANPEP	0	18	14	19	1.000000
296	191	KCNA5	0	18	14	19	1.000000
297	191	ACTN2	0	18	14	9	0.302855
298	192	KDM6B	0	18	14	19	1.000000
299	193	AOC2	0	18	14	19	1.000000
300	194	CARD10	0	18	14	19	1.000000
301	195	CHD6	0	18	14	18	1.000000
302	196	CPS1	0	18	14	18	1.000000
303	197	ATP13A5	0	18	14	18	1.000000
304	198	TET1	0	18	14	18	1.000000
305	199	IGHMBP2	0	18	14	18	1.000000
306	200	PLEKHG2	0	18	14	18	1.000000
307	147	PLG	0	18	14	13	0.749937
308	190	SLC13A3	0	18	14	6	0.349241
309	201	NLRP3	0	18	14	17	1.000000
310	202	PIK3C2B	0	18	14	17	1.000000
311	203	ZNFX1	0	18	14	17	1.000000
312	204	VANGL2	0	18	14	17	1.000000
313	205	TTC17	0	18	14	17	1.000000
314	166	BTG2	0	18	14	6	0.356292
315	42	PGAP1	0	18	14	13	0.775134
316	123	U2AF2	0	18	14	9	0.541453
317	171	IWS1	0	18	14	15	0.904083
318	135	RIMS1	0	18	14	15	0.921936
319	81	MAGI2	0	18	14	16	0.998921
320	80	SPTAN1	0	18	14	12	0.749301
321	206	HERC1	0	18	14	16	1.000000
322	207	CACNA1S	0	18	14	16	1.000000
323	208	PROX1	0	18	14	16	1.000000
324	209	ATP9A	0	18	14	16	1.000000
325	210	PLXNB3	0	18	14	16	1.000000
326	211	OR10H1	0	18	14	16	1.000000
327	212	HLA-DRB1	0	18	14	16	1.000000
328	213	TCEAL3	0	18	14	16	1.000000
329	110	ILF3	0	18	14	9	0.568294
330	96	BRAF	0	18	14	12	0.760482
331	194	FGF3	0	18	14	14	0.895670
332	148	ARHGAP5	0	18	14	9	0.579781
333	214	LAMA2	0	18	14	15	1.000000
334	215	PEG3	0	18	14	15	1.000000
335	216	ADAMTS16	0	18	14	15	1.000000
336	217	DYSF	0	18	14	15	1.000000
337	218	DMXL1	0	18	14	15	1.000000
338	219	C3	0	18	14	15	1.000000
339	219	FBLN2	0	18	14	7	0.403294
340	220	RPGR	0	18	14	15	1.000000
341	220	RPGRIP1	0	18	14	7	0.428328
342	221	PTCHD1	0	18	14	15	1.000000
343	222	NLRC4	0	18	14	15	1.000000
344	223	TTC3	0	18	14	15	1.000000
345	224	HLA-A	0	18	14	15	1.000000
346	225	PLEKHH1	0	18	14	15	1.000000
347	107	VCX3B	0	18	14	12	0.806923
348	187	CYP4F12	0	18	14	13	0.896644
349	115	ALMS1	0	18	14	12	0.836110
350	75	KIF19	0	18	14	14	0.985152
351	117	STAG2	0	18	14	13	0.915269
352	188	APBA1	0	18	14	3	0.212312
353	226	CACNA1B	0	18	14	14	1.000000
354	227	ADAMTS18	0	18	14	14	1.000000
355	228	KCNA4	0	18	14	14	1.000000
356	229	MAST1	0	18	14	14	1.000000
357	230	RANBP6	0	18	14	14	1.000000
358	231	FANCA	0	18	14	14	1.000000
359	232	ZMYM2	0	18	14	14	1.000000
360	233	ACIN1	0	18	14	14	1.000000
361	234	EMR2	0	18	14	14	1.000000
362	235	MYB	0	18	14	14	1.000000
363	236	ZNF268	0	18	14	14	1.000000
364	228	DLG1	0	18	14	6	0.444159
365	208	ABL1	0	18	14	12	0.908403
366	128	THBS1	0	18	14	12	0.911487
367	237	CACNA1C	0	18	14	13	1.000000
368	238	RIMBP2	0	18	14	13	1.000000
369	239	CACNA1A	0	18	14	13	1.000000
370	240	SLIT2	0	18	14	13	1.000000
371	241	SPTBN4	0	18	14	13	1.000000
372	242	IGSF3	0	18	14	13	1.000000
373	243	SCAF11	0	18	14	13	1.000000
374	244	MEFV	0	18	14	13	1.000000
375	245	SGCZ	0	18	14	13	1.000000
376	121	ATM	0	18	14	12	0.926225
377	233	HNRNPUL1	0	18	14	7	0.556990
378	224	HLA-B	0	18	14	10	0.819397
379	246	PLXNA4	0	18	14	12	1.000000
380	247	THSD7B	0	18	14	12	1.000000
381	248	F8	0	18	14	12	1.000000
382	249	ADAMTSL3	0	18	14	12	1.000000
383	250	PCDHA6	0	18	14	12	1.000000
384	251	DOCK11	0	18	14	12	1.000000
385	252	CAMTA1	0	18	14	12	1.000000
386	253	SLC4A4	0	18	14	12	1.000000
387	254	GRIK2	0	18	14	12	1.000000
388	254	GRIK4	0	18	14	9	0.553942
389	255	KLHL4	0	18	14	12	1.000000
390	256	HCN4	0	18	14	12	1.000000
391	257	TSC22D1	0	18	14	12	1.000000
392	258	DBH	0	18	14	12	1.000000
393	258	STMN2	0	18	14	4	0.117623
394	241	PTPRN2	0	18	14	8	0.690410
395	91	APBA2	0	18	14	11	0.953367
396	102	MED24	0	18	14	10	0.892940
397	259	DNAH17	0	18	14	11	1.000000
398	260	ARID2	0	18	14	11	1.000000
399	261	ZBED4	0	18	14	11	1.000000
400	262	GNPTAB	0	18	14	11	1.000000
401	263	AP1G2	0	18	14	11	1.000000
402	264	CDH24	0	18	14	11	1.000000
403	248	VWF	0	18	14	6	0.546197
404	263	HSP90AA1	0	18	14	10	0.913495
405	239	GRIA1	0	18	14	9	0.859903
406	260	CA8	0	18	14	7	0.673141
407	212	ESR1	0	18	14	6	0.578064
408	24	KCNH7	0	18	14	9	0.868663
409	265	ZFPM2	0	18	14	10	1.000000
410	266	WNK1	0	18	14	10	1.000000
411	267	TRIM58	0	18	14	10	1.000000
412	268	NCAM2	0	18	14	10	1.000000
413	269	MKRN3	0	18	14	10	1.000000
414	269	MAGEL2	0	18	14	7	0.611993
415	270	CRISPLD1	0	18	14	10	1.000000
416	271	SEMA4A	0	18	14	10	1.000000
417	272	WSCD2	0	18	14	10	1.000000
418	273	GAPVD1	0	18	14	10	1.000000
419	274	DSG2	0	18	14	10	1.000000
420	275	PHF12	0	18	14	10	1.000000
421	276	RPH3A	0	18	14	10	1.000000
422	277	SERPINA12	0	18	14	10	1.000000
423	278	DAXX	0	18	14	10	1.000000
424	279	ATF6B	0	18	14	10	1.000000
425	95	GPS2	0	18	14	7	0.707566
426	279	BACH1	0	18	14	7	0.726242
427	165	LRRC8A	0	18	14	9	0.990165
428	280	TNR	0	18	14	9	1.000000
429	281	TECTA	0	18	14	9	1.000000
430	282	TPR	0	18	14	9	1.000000
431	283	GOLGB1	0	18	14	9	1.000000
432	284	CR1	0	18	14	9	1.000000
433	285	PLCE1	0	18	14	9	1.000000
434	286	CEP170	0	18	14	9	1.000000
435	286	CPNE3	0	18	14	7	0.609670
436	287	PLXNA1	0	18	14	9	1.000000
437	288	TRPC4	0	18	14	9	1.000000
438	289	DDR2	0	18	14	9	1.000000
439	290	TLR4	0	18	14	9	1.000000
440	291	DNM3	0	18	14	9	1.000000
441	292	DIAPH2	0	18	14	9	1.000000
442	293	PSME4	0	18	14	9	1.000000
443	294	RPGRIP1L	0	18	14	9	1.000000
444	295	CACNA2D3	0	18	14	9	1.000000
445	296	CADM2	0	18	14	9	1.000000
446	297	KCNT1	0	18	14	9	1.000000
447	298	ARHGEF1	0	18	14	9	1.000000
448	299	GRIN2D	0	18	14	9	1.000000
449	300	MKS1	0	18	14	9	1.000000
450	301	AIDA	0	18	14	9	1.000000
451	302	SEC22B	0	18	14	9	1.000000
452	302	SCFD1	0	18	14	7	0.458304
453	303	PKNOX2	0	18	14	9	1.000000
454	304	NRF1	0	18	14	9	1.000000
455	305	MEX3C	0	18	14	9	1.000000
456	306	KRTAP1-5	0	18	14	9	1.000000
457	142	C7	0	18	14	7	0.782987
458	160	MZF1	0	18	14	7	0.816494
459	282	MAPK1	0	18	14	7	0.853778
460	282	SHC1	0	18	14	6	0.670753
461	150	RPL4	0	18	14	7	0.856193
462	307	FRYL	0	18	14	8	1.000000
463	308	KRT6A	0	18	14	8	1.000000
464	309	BCAR3	0	18	14	8	1.000000
465	310	CUEDC1	0	18	14	8	1.000000
466	228	SCRIB	0	18	14	7	0.881782
467	164	TBL1X	0	18	14	3	0.382443
468	204	MAGI3	0	18	14	7	0.917998
469	288	EXOC4	0	18	14	6	0.794212
470	288	EXOC3	0	18	14	7	0.897962
471	230	CAD	0	18	14	6	0.809714
472	63	NID2	0	18	14	6	0.830804
473	232	ALOX5	0	18	14	7	0.992446
474	291	SYNPO2	0	18	14	6	0.854797
475	311	TRHDE	0	18	14	7	1.000000
476	312	MLLT3	0	18	14	7	1.000000
477	313	WDR64	0	18	14	7	1.000000
478	314	PRPF8	0	18	14	7	1.000000
479	314	LSM1	0	18	14	3	0.112933
480	315	PHF3	0	18	14	7	1.000000
481	316	COL9A1	0	18	14	7	1.000000
482	317	FASTKD3	0	18	14	7	1.000000
483	318	COL2A1	0	18	14	7	1.000000
484	319	OR14C36	0	18	14	7	1.000000
485	320	AOAH	0	18	14	7	1.000000
486	321	MAPKBP1	0	18	14	7	1.000000
487	322	FAM65A	0	18	14	7	1.000000
488	323	INO80	0	18	14	7	1.000000
489	323	ACTB	0	18	14	3	0.390680
490	324	ABCG4	0	18	14	7	1.000000
491	325	LIMA1	0	18	14	7	1.000000
492	326	UNC13D	0	18	14	7	1.000000
493	327	DMRT3	0	18	14	7	1.000000
494	328	PITPNM3	0	18	14	7	1.000000
495	329	KRT79	0	18	14	7	1.000000
496	330	FAN1	0	18	14	7	1.000000
497	331	MX1	0	18	14	7	1.000000
498	332	BCL6B	0	18	14	7	1.000000
499	333	WNT5B	0	18	14	7	1.000000
500	334	LRRD1	0	18	14	7	1.000000
501	335	LPAL2	0	18	14	7	1.000000
502	336	TOM1L2	0	18	14	7	1.000000
503	304	FGGY	0	18	14	6	0.903440
504	271	MPL	0	18	14	6	0.920766
505	299	MAP2	0	18	14	6	0.921858
506	129	BAI2	0	18	14	6	0.939773
507	104	ATP2B3	0	18	14	6	0.948840
508	196	PRICKLE2	0	18	14	6	0.954938
509	218	MBTPS1	0	18	14	6	0.955854
510	324	ABCG1	0	18	14	4	0.648797
511	205	C5	0	18	14	6	0.978642
512	128	CALR	0	18	14	6	0.985092
513	22	SIK1	0	18	14	4	0.658467
514	133	SF3B2	0	18	14	6	0.989256
515	337	MYO18B	0	18	14	6	1.000000
516	338	ANKRD30A	0	18	14	6	1.000000
517	339	ASTN1	0	18	14	6	1.000000
518	340	GRIN2B	0	18	14	6	1.000000
519	341	RUNX1T1	0	18	14	6	1.000000
520	342	NLRP5	0	18	14	6	1.000000
521	343	KDR	0	18	14	6	1.000000
522	344	CDH11	0	18	14	6	1.000000
523	345	CELSR3	0	18	14	6	1.000000
524	346	ATRNL1	0	18	14	6	1.000000
525	347	CDH4	0	18	14	6	1.000000
526	348	CNTN5	0	18	14	6	1.000000
527	349	RICTOR	0	18	14	6	1.000000
528	350	ATP11C	0	18	14	6	1.000000
529	351	ABCA1	0	18	14	6	1.000000
530	352	LRP4	0	18	14	6	1.000000
531	353	XIRP1	0	18	14	6	1.000000
532	354	CABIN1	0	18	14	6	1.000000
533	355	TRO	0	18	14	6	1.000000
534	356	ARFGEF2	0	18	14	6	1.000000
535	356	SEC63	0	18	15	4	0.479425
536	357	KCNQ2	0	18	15	6	1.000000
537	357	CHRNB4	0	18	15	6	0.740324
538	358	ARAP2	0	18	15	6	1.000000
539	359	RERE	0	18	15	6	1.000000
540	360	MTMR8	0	18	15	6	1.000000
541	361	CEP152	0	18	15	6	1.000000
542	362	KRTAP5-5	0	18	15	6	1.000000
543	363	CPXM2	0	18	15	6	1.000000
544	364	DIS3	0	18	15	6	1.000000
545	365	ZNF473	0	18	15	6	1.000000
546	365	SLBP	0	18	15	3	0.442902
547	366	ASUN	0	18	15	6	1.000000
548	367	MAGED1	0	18	15	6	1.000000
549	368	LNX1	0	18	15	6	1.000000
550	369	VCAM1	0	18	15	6	1.000000
551	370	DYRK4	0	18	15	6	1.000000
552	371	GBP4	0	18	15	6	1.000000
553	372	TRPM4	0	18	15	6	1.000000
554	373	OPRM1	0	18	15	6	1.000000
555	374	HPS4	0	18	15	6	1.000000
556	375	ATP1B1	0	18	15	6	1.000000
557	376	LRRC4	0	18	15	6	1.000000
558	377	TMCC1	0	18	15	6	1.000000
559	378	SLC24A4	0	18	15	6	1.000000
560	379	MDH1B	0	18	15	6	1.000000
561	380	OR4F6	0	18	15	6	1.000000
562	381	CCDC66	0	18	15	6	1.000000
563	382	CHAF1A	0	18	15	6	1.000000
564	383	SLC2A9	0	18	15	6	1.000000
565	384	RAD54L2	0	18	15	6	1.000000
566	385	STRN	0	18	15	6	1.000000
567	386	ADAM11	0	18	15	6	1.000000
568	387	STC2	0	18	15	6	1.000000
569	388	MSL3	0	18	15	6	1.000000
570	389	ZNF37A	0	18	15	6	1.000000
571	390	CMIP	0	18	15	6	1.000000
572	391	ABTB1	0	18	15	6	1.000000
573	392	PDCD6IP	0	18	15	6	1.000000
574	393	FAAH	0	18	15	6	1.000000
575	394	IKZF4	0	18	15	6	1.000000
576	395	PGAP2	0	18	15	6	1.000000
577	293	PSMA8	0	18	15	4	0.721423
578	359	KCNH5	0	18	15	3	0.550856
579	364	POLR1C	0	18	15	3	0.580011
580	396	SHQ1	0	18	15	5	1.000000
581	397	ZNF689	0	18	15	5	1.000000
582	326	UNC13C	0	18	15	3	0.628636
583	189	COL4A4	0	18	15	3	0.647387
584	36	NFATC2	0	18	15	3	0.663365
585	134	MYBL2	0	18	15	3	0.675216
586	7	CTF1	0	18	15	2	0.455133
587	133	SF3B3	0	18	15	4	0.912690
588	312	BCOR	0	18	15	3	0.702591
589	275	PHLDB1	0	18	15	4	0.937966
590	369	CTSG	0	18	15	3	0.703957
591	150	RPL32	0	18	15	3	0.710581
592	10	MDM2	0	18	15	4	0.955171
593	264	SECISBP2L	0	18	15	3	0.717818
594	382	CBX1	0	18	15	3	0.719476
595	343	FLT1	0	18	15	3	0.719714
596	86	LPAR6	0	18	15	3	0.719781
597	341	TCF3	0	18	15	4	0.967644
598	373	GNA15	0	18	15	3	0.730894
599	290	TLR7	0	18	15	3	0.741626
600	229	PPM1L	0	18	15	3	0.745533
601	398	PTPRD	0	18	15	4	1.000000
602	398	EPHA2	0	18	15	3	0.645789
603	399	ZNF521	0	18	15	4	1.000000
604	399	MINPP1	0	18	15	3	0.622025
605	400	WHSC1L1	0	18	15	4	1.000000
606	401	TRA2B	0	18	15	4	1.000000
607	401	RBMX	0	18	15	3	0.384006
608	402	SPTBN5	0	18	15	4	1.000000
609	403	ERC1	0	18	15	4	1.000000
610	404	CD109	0	18	15	4	1.000000
611	405	MICAL2	0	18	15	4	1.000000
612	406	MYLK2	0	18	15	4	1.000000
613	407	DHX34	0	18	15	4	1.000000
614	408	UPF1	0	18	15	4	1.000000
615	408	SMG1	0	18	15	3	0.502549
616	409	UBE3A	0	18	15	4	1.000000
617	410	HELB	0	18	15	4	1.000000
618	411	RIPK4	0	18	15	4	1.000000
619	412	ZBTB33	0	18	15	4	1.000000
620	413	ZNF324B	0	18	15	4	1.000000
621	414	DDX41	0	18	15	4	1.000000
622	415	ELL	0	18	15	4	1.000000
623	416	NEK3	0	18	15	4	1.000000
624	417	DDX23	0	18	15	4	1.000000
625	418	FBXO25	0	18	15	4	1.000000
626	419	CLEC3A	0	18	15	4	1.000000
627	420	EXD1	0	18	15	4	1.000000
628	421	RTF1	0	18	15	4	1.000000
629	422	PCSK4	0	18	15	4	1.000000
630	423	NQO1	0	18	15	4	1.000000
631	150	RPL9	0	18	15	3	0.771761
632	111	RECQL4	0	18	15	3	0.794515
633	364	POLR3C	0	18	15	3	0.797776
634	394	IKZF1	0	18	15	3	0.810547
635	362	KRTAP4-2	0	18	15	3	0.817240
636	212	ACTA2	0	18	15	3	0.820034
637	33	PDGFRB	0	18	15	3	0.823050
638	288	EXOC7	0	18	15	3	0.824534
639	112	TMEM198	0	18	15	3	0.846468
640	400	BRPF3	0	18	15	3	0.848544
641	363	MRC2	0	18	15	3	0.856279
642	99	ABCC1	0	18	15	3	0.859073
643	194	SHARPIN	0	18	15	3	0.860021
644	411	NAPSA	0	18	15	3	0.864788
645	270	ACVR2B	0	18	15	3	0.865148
646	306	KRTAP10-8	0	18	15	3	0.882090
647	273	RIN1	0	18	15	3	0.884755
648	228	CTNNA2	0	18	15	3	0.887035
649	43	DVL3	0	18	15	3	0.889120
650	223	ATF7IP	0	18	15	3	0.901099
651	417	HNRNPK	0	18	15	3	0.906277
652	367	PJA2	0	18	15	3	0.913336
653	409	PGR	0	18	15	3	0.917942
654	52	SORCS2	0	18	15	3	0.919106
655	210	BTBD3	0	18	15	3	0.932011
656	267	TAS2R38	0	18	15	3	0.940989
657	240	LHCGR	0	18	15	3	0.949125
658	67	HIST1H2BK	0	18	15	3	0.950703
659	67	SMARCA2	0	18	15	3	0.941919
660	195	CBX7	0	18	15	3	0.952501
661	214	DAG1	0	18	15	3	0.953894
662	419	SEPT10	0	18	15	3	0.960040
663	67	KAT2B	0	18	15	3	0.969976
664	158	SLC38A8	0	18	15	3	0.970181
665	304	TFAM	0	18	15	3	0.982664
666	18	TMPRSS15	0	18	15	3	0.983751
667	278	CFLAR	0	18	15	3	0.994000
668	424	AFF2	0	18	15	3	1.000000
669	425	ECE2	0	18	15	3	1.000000
670	426	USP34	0	18	15	3	1.000000
671	427	EPB41L3	0	18	15	3	1.000000
672	428	ABCA10	0	18	15	3	1.000000
673	429	TRPM3	0	18	15	3	1.000000
674	430	SVIL	0	18	15	3	1.000000
675	431	HELZ	0	18	15	3	1.000000
676	432	ARHGAP39	0	18	15	3	1.000000
677	433	EGFLAM	0	18	15	3	1.000000
678	434	NTRK3	0	18	15	3	1.000000
679	434	KIDINS220	0	18	15	3	0.980867
680	435	FBXL7	0	18	15	3	1.000000
681	436	CNTN4	0	18	15	3	1.000000
682	437	ZNF34	0	18	15	3	1.000000
683	438	CASP8	0	18	15	3	1.000000
684	438	PARP2	0	18	15	3	0.935351
685	439	C11orf30	0	18	15	3	1.000000
686	440	NIN	0	18	15	3	1.000000
687	441	PLCB4	0	18	15	3	1.000000
688	442	PHACTR3	0	18	15	3	1.000000
689	443	OR1C1	0	18	15	3	1.000000
690	443	GNRHR	0	18	15	3	0.826606
691	444	SLC45A2	0	18	15	3	1.000000
692	445	SOX5	0	18	15	3	1.000000
693	446	COL16A1	0	18	15	3	1.000000
694	447	SYNJ1	0	18	15	3	1.000000
695	448	AKAP11	0	18	15	3	1.000000
696	449	CYP7A1	0	18	15	3	1.000000
697	450	DNMBP	0	18	15	3	1.000000
698	451	RET	0	18	15	3	1.000000
699	452	KANK1	0	18	15	3	1.000000
700	452	OLFML3	0	18	15	3	0.978533
701	453	SELENBP1	0	18	15	3	1.000000
702	454	SLC12A1	0	18	15	3	1.000000
703	455	CORIN	0	18	15	3	1.000000
704	456	CAPRIN2	0	18	15	3	1.000000
705	457	PHIP	0	18	15	3	1.000000
706	457	WDR65	0	18	15	3	0.962187
707	458	SLC1A6	0	18	15	3	1.000000
708	459	CCDC136	0	18	15	3	1.000000
709	460	EZH2	0	18	15	3	1.000000
710	461	ZDHHC11	0	18	15	3	1.000000
711	462	GABRA4	0	18	15	3	1.000000
712	463	TGM6	0	18	15	3	1.000000
713	464	MYO1D	0	18	15	3	1.000000
714	465	PM20D1	0	18	15	3	1.000000
715	466	BAGE2	0	18	15	3	1.000000
716	467	DNAI1	0	18	15	3	1.000000
717	468	SEC24B	0	18	15	3	1.000000
718	469	PNPLA7	0	18	15	3	1.000000
719	470	SSTR4	0	18	15	3	1.000000
720	471	DCT	0	18	15	3	1.000000
721	472	TTLL2	0	18	15	3	1.000000
722	473	ADAMTS1	0	18	15	3	1.000000
723	474	RASAL1	0	18	15	3	1.000000
724	475	SCML2	0	18	15	3	1.000000
725	476	DCTN1	0	18	15	3	1.000000
726	477	ADRBK1	0	18	15	3	1.000000
727	478	TBX4	0	18	15	3	1.000000
728	479	CLCN6	0	18	15	3	1.000000
729	480	NCKAP1	0	18	15	3	1.000000
730	481	WNK4	0	18	15	3	1.000000
731	482	LINGO1	0	18	15	3	1.000000
732	483	RHBDF2	0	18	15	3	1.000000
733	484	MC2R	0	18	15	3	1.000000
734	485	SNCAIP	0	18	15	3	1.000000
735	486	HSPA4	0	18	15	3	1.000000
736	487	PITPNC1	0	18	15	3	1.000000
737	488	HKDC1	0	18	15	3	1.000000
738	489	AP3D1	0	18	15	3	1.000000
739	490	ASTE1	0	18	15	3	1.000000
740	491	DIAPH1	0	18	15	3	1.000000
741	492	TOP3B	0	18	15	3	1.000000
742	493	ZMAT1	0	18	15	3	1.000000
743	494	MPRIP	0	18	15	3	1.000000
744	495	KCNG4	0	18	15	3	1.000000
745	496	NEMF	0	18	15	3	1.000000
746	496	RPS27L	0	18	15	3	0.986929
747	497	SREBF2	0	18	15	3	1.000000
748	498	ASB15	0	18	15	3	1.000000
749	499	KCNK13	0	18	15	3	1.000000
750	500	ITGB5	0	18	15	3	1.000000
751	501	ZNF394	0	18	15	3	1.000000
752	502	CEP104	0	18	15	3	1.000000
753	503	SYT15	0	18	15	3	1.000000
754	504	RIN2	0	18	15	3	1.000000
755	505	AGBL2	0	18	15	3	1.000000
756	506	OVGP1	0	18	15	3	1.000000
757	507	NUDT11	0	18	15	3	1.000000
758	508	ATP2A2	0	18	15	3	1.000000
759	509	CYP1A1	0	18	15	3	1.000000
760	510	R3HDML	0	18	15	3	1.000000
761	511	SLC24A1	0	18	15	3	1.000000
762	512	STEAP2	0	18	15	3	1.000000
763	513	SLC39A5	0	18	15	3	1.000000
764	514	LYRM5	0	18	15	3	1.000000
765	515	NPNT	0	18	15	3	1.000000
766	516	GJB4	0	18	15	3	1.000000
767	517	KDM1A	0	18	15	3	1.000000
768	518	G6PC	0	18	15	3	1.000000
769	519	RSRC2	0	18	15	3	1.000000
770	520	KLK5	0	18	15	3	1.000000
771	521	RAB23	0	18	15	3	1.000000
772	522	ANKRD18A	0	18	15	3	1.000000
773	523	C10orf76	0	18	15	3	1.000000
774	524	FGL2	0	18	15	3	1.000000
775	525	KLRK1	0	18	15	3	1.000000
776	526	PDCL3	0	18	15	3	1.000000
777	527	KLC3	0	18	15	3	1.000000
778	528	UGCG	0	18	15	3	1.000000
779	529	SFT2D1	0	18	15	3	1.000000
780	530	AP1S3	0	18	15	3	1.000000
781	531	FAM133A	0	18	15	2	1.000000
782	318	COMP	0	18	15	1	0.502637
783	435	MAGI1	0	18	15	1	0.573934
784	351	ABCA7	0	18	15	1	0.606209
785	38	POLR2E	0	18	15	1	0.617944
786	377	SBNO2	0	18	15	1	0.651406
787	471	MITF	0	18	15	1	0.671232
788	150	RPS15	0	18	15	1	0.708386
789	347	CDH2	0	18	15	1	0.716394
790	274	DSC2	0	18	15	1	0.723110
791	355	FUK	0	18	15	1	0.730836
792	392	VPS4A	0	18	15	1	0.733152
793	311	DHODH	0	18	15	1	0.741060
794	491	TBP	0	18	15	1	0.755997
795	293	PSMB1	0	18	15	1	0.756588
796	520	DSG1	0	18	15	1	0.768028
797	150	UBA52	0	18	15	1	0.774715
798	150	RPS25	0	18	15	1	0.785278
799	309	BCAR1	0	18	15	1	0.790892
800	488	HYOU1	0	18	15	1	0.791861
801	452	NAT2	0	18	15	1	0.838676
802	287	RHOD	0	18	15	1	0.851769
803	486	GBE1	0	18	15	1	0.857267
804	67	SMARCB1	0	18	15	1	0.878361
805	198	KDM2A	0	18	15	1	0.917476
806	417	HNRNPF	0	18	15	1	0.936283
807	518	PPAP2C	0	18	15	1	0.937209
808	231	FANCF	0	18	15	1	0.939871
809	240	ROBO2	0	18	15	1	0.979317
810	409	NCOR2	0	18	15	1	0.994185
811	532	TNN	0	18	15	1	1.000000
812	533	ROBO1	0	18	15	1	1.000000
813	534	CNTN3	0	18	15	1	1.000000
814	535	ANO5	0	18	15	1	1.000000
815	536	CCDC50	0	18	15	1	1.000000
816	537	ZNF318	0	18	15	1	1.000000
817	538	PPL	0	18	15	1	1.000000
818	539	PDZRN3	0	18	15	1	1.000000
819	540	SLC17A6	0	18	15	1	1.000000
820	541	LRIG1	0	18	15	1	1.000000
821	542	NEK5	0	18	15	1	1.000000
822	543	ATP7B	0	18	15	1	1.000000
823	544	CDK13	0	18	15	1	1.000000
824	545	FOXP1	0	18	15	1	1.000000
825	546	AFM	0	18	15	1	1.000000
826	546	AFP	0	18	15	1	0.678496
827	547	NAP1L3	0	18	15	1	1.000000
828	548	RASA3	0	18	15	1	1.000000
829	549	CHRNA2	0	18	15	1	1.000000
830	550	OSBPL10	0	18	15	1	1.000000
831	551	OR10G7	0	18	15	1	1.000000
832	552	TMF1	0	18	15	1	1.000000
833	553	MYO19	0	18	15	1	1.000000
834	554	CHAMP1	0	18	15	1	1.000000
835	555	RHOU	0	18	15	1	1.000000
836	556	ACBD6	0	18	15	1	1.000000
837	557	C7orf10	0	18	15	1	1.000000
838	558	CDC16	0	18	15	1	1.000000
839	559	KBTBD8	0	18	15	1	1.000000
840	560	UPF3A	0	18	15	1	1.000000
841	561	TAF15	0	18	15	1	1.000000
842	562	B3GNTL1	0	18	15	1	1.000000
843	563	ZNF485	0	18	15	1	1.000000
844	564	OR13A1	0	18	15	1	1.000000
845	565	RASSF6	0	18	15	1	1.000000
846	566	PIGW	0	18	15	1	1.000000
847	567	RASSF4	0	18	15	1	1.000000
848	568	GAS2	0	18	15	1	1.000000
849	569	ZNF239	0	18	15	1	1.000000
850	570	RPUSD4	0	18	15	1	1.000000
851	571	LYZL6	0	18	15	1	1.000000
852	572	MARCH8	0	18	15	1	1.000000
853	573	CXCL6	0	18	15	1	1.000000
854	573	CCL3L3	0	18	15	1	0.991367
855	574	RDM1	0	18	15	1	1.000000
856	575	RALA	0	18	15	1	1.000000
857	576	ZNF32	0	18	15	1	1.000000
858	576	ZNF22	0	18	15	1	0.699372
859	577	PDCD2	0	18	15	1	1.000000
860	578	CCL14	0	18	15	1	1.000000
861	579	CSN3	0	18	15	1	1.000000
862	580	TGFB3	0	18	15	1	1.000000
863	581	CCL15	0	18	15	1	1.000000
864	581	CCL16	0	18	15	1	0.630610
865	582	CCL23	0	18	15	1	1.000000
866	583	SLC2A11	0	18	15	1	1.000000
867	584	YAE1D1	0	18	15	1	1.000000
868	585	IL8	0	18	15	1	1.000000
869	585	CCL4	0	18	15	1	0.688072
870	586	TBC1D3B	0	18	15	1	1.000000
871	587	CCL3	0	18	15	1	1.000000
872	587	CCL3L1	0	18	15	1	0.680571
873	588	DERL3	0	18	15	1	1.000000
874	589	HTN3	0	18	15	1	1.000000
875	590	HTN1	0	18	15	1	1.000000
876	591	WASH5P	0	18	15	1	1.000000
877	592	LINC00265	0	18	15	1	1.000000
878	593	MIF	0	18	15	1	1.000000
